#GASS_ID   SDSS_OBJID   RA   DEC   z   SURVEY_ID    RA   DEC   z   GROUP_ID
GASS11834 1237656494576894062  0.20 14.28 0.036 0 0.0 0.0 0.0 0
GASS11892 1237656495650767088  0.50 15.03 0.036 0 0.0 0.0 0.0 0
GASS11825 1237656494577025171  0.54 14.14 0.042 0 0.0 0.0 0.0 0
GASS11903 1237652944249553236  1.24 15.67 0.037 0 0.0 0.0 0.0 0
GASS124028 1237652942639071352  1.51 14.42 0.018 0 0.0 0.0 0.0 0
GASS124009 1237656494577483828  1.58 14.33 0.018 0 0.0 0.0 0.0 0
GASS124012 1237656494577483851  1.62 14.18 0.018 0 0.0 0.0 0.0 0
GASS11910 1237652944249749727  1.64 15.67 0.037 0 0.0 0.0 0.0 0
GASS11917 1237656495651356886  1.93 15.19 0.045 0 0.0 0.0 0.0 0
GASS11956 1237656495651422354  2.09 15.16 0.040 0 0.0 0.0 0.0 0
GASS12030 1237656495652536487  4.68 15.20 0.037 0 0.0 0.0 0.0 0
GASS12025 1237653653447639236  4.89 16.20 0.037 0 0.0 0.0 0.0 0
GASS124006 1237663277929922594  4.95  0.59 0.018 0 0.0 0.0 0.0 0
GASS124006 1237663277929922594  4.95  0.59 0.018 0 0.0 0.0 0.0 0
GASS12044 1237653652374028305  5.14 15.35 0.040 0 0.0 0.0 0.0 0
GASS124007 1237653651837419694  5.81 14.81 0.018 0 0.0 0.0 0.0 0
GASS124000 1237656494579318872  5.93 14.31 0.018 0 0.0 0.0 0.0 0
GASS124010 1237653652911226937  6.00 15.77 0.018 0 0.0 0.0 0.0 0
GASS12005 1237656495116255330  6.09 14.78 0.031 0 0.0 0.0 0.0 0
GASS124001 1237653651837550662  6.18 14.82 0.018 0 0.0 0.0 0.0 0
GASS12002 1237653651837616142  6.27 14.97 0.037 0 0.0 0.0 0.0 0
GASS124004 1237678434327986256  6.39  0.85 0.018 0 0.0 0.0 0.0 0
GASS124004 1237678434327986256  6.39  0.85 0.018 0 0.0 0.0 0.0 0
GASS124025 1237653650763939962  6.40 14.12 0.018 0 0.0 0.0 0.0 0
GASS12062 1237653652911423584  6.48 15.64 0.037 0 0.0 0.0 0.0 0
GASS11989 1237656494042644696  6.50 13.93 0.042 0 0.0 0.0 0.0 0
GASS11994 1237656494579515561  6.50 14.35 0.037 0 0.0 0.0 0.0 0
GASS3163 1237656495653585132  7.20 15.09 0.042 0 0.0 0.0 0.0 0
GASS124003 1237657191445299439  7.41  0.41 0.014 0 0.0 0.0 0.0 0
GASS3157 1237653651838206003  7.64 14.94 0.038 0 0.0 0.0 0.0 0
GASS3151 1237653651301466128  7.93 14.49 0.038 0 0.0 0.0 0.0 0
GASS27181 1237653651838402681  8.20 14.79 0.042 0 0.0 0.0 0.0 0
GASS27181 1237653651838402681  8.20 14.79 0.042 0 0.0 0.0 0.0 0
GASS27181 1237653651838402681  8.20 14.79 0.042 0 0.0 0.0 0.0 0
GASS27167 1237653651302252632  9.84 14.47 0.038 0 0.0 0.0 0.0 0
GASS27167 1237653651302252632  9.84 14.47 0.038 0 0.0 0.0 0.0 0
GASS3189 1237649919500550210 10.10 14.61 0.038 0 0.0 0.0 0.0 0
GASS3189 1237649919500550210 10.10 14.61 0.038 0 0.0 0.0 0.0 0
GASS3189 1237649919500550210 10.10 14.61 0.038 0 0.0 0.0 0.0 0
GASS3189 1237649919500550210 10.10 14.61 0.038 0 0.0 0.0 0.0 0
GASS3189 1237649919500550210 10.10 14.61 0.038 0 0.0 0.0 0.0 0
GASS27219 1237649918426874042 10.36 13.73 0.033 0 0.0 0.0 0.0 0
GASS27219 1237649918426874042 10.36 13.73 0.033 0 0.0 0.0 0.0 0
GASS27219 1237649918426874042 10.36 13.73 0.033 0 0.0 0.0 0.0 0
GASS124016 1237666340796891301 10.44  1.18 0.018 0 0.0 0.0 0.0 0
GASS124016 1237666340796891301 10.44  1.18 0.018 0 0.0 0.0 0.0 0
GASS27207 1237649920038011069 11.63 14.98 0.039 0 0.0 0.0 0.0 0
GASS27207 1237649920038011069 11.63 14.98 0.039 0 0.0 0.0 0.0 0
GASS27207 1237649920038011069 11.63 14.98 0.039 0 0.0 0.0 0.0 0
GASS27204 1237649918964400160 11.90 14.16 0.039 0 0.0 0.0 0.0 0
GASS27204 1237649918964400160 11.90 14.16 0.039 0 0.0 0.0 0.0 0
GASS27204 1237649918964400160 11.90 14.16 0.039 0 0.0 0.0 0.0 0
GASS124002 1237649920575144013 12.27 15.49 0.018 0 0.0 0.0 0.0 0
GASS3233 1237653650766692372 12.89 13.91 0.039 0 0.0 0.0 0.0 0
GASS124027 1237649919501795401 13.12 14.52 0.018 0 0.0 0.0 0.0 0
GASS3258 1237679167154290884 13.32 16.10 0.039 0 0.0 0.0 0.0 0
GASS3261 1237649921112735765 13.89 15.78 0.037 0 0.0 0.0 0.0 0
GASS3305 1237653651841024145 14.29 14.65 0.049 0 0.0 0.0 0.0 0
GASS3301 1237649918428774596 14.81 13.58 0.040 0 0.0 0.0 0.0 0
GASS3321 1237649921113456791 15.62 15.75 0.040 0 0.0 0.0 0.0 0
GASS3284 1237653651304743124 15.72 14.19 0.040 0 0.0 0.0 0.0 0
GASS3398 1237666091124981795 16.81 13.96 0.038 0 0.0 0.0 0.0 0
GASS3398 1237666091124981795 16.81 13.96 0.038 0 0.0 0.0 0.0 0
GASS3435 1237666091125440639 17.13 15.02 0.041 0 0.0 0.0 0.0 0
GASS3435 1237666091125440639 17.13 15.02 0.041 0 0.0 0.0 0.0 0
GASS3439 1237666215680671882 17.27 14.76 0.039 0 0.0 0.0 0.0 0
GASS3439 1237666215680671882 17.27 14.76 0.039 0 0.0 0.0 0.0 0
GASS3465 1237666214607061205 18.09 15.01 0.029 0 0.0 0.0 0.0 0
GASS3465 1237666214607061205 18.09 15.01 0.029 0 0.0 0.0 0.0 0
GASS3634 1237666089515155538 18.45 15.51 0.045 0 0.0 0.0 0.0 0
GASS101025 1237678617426001986 18.66  1.18 0.015 0 0.0 0.0 0.0 0
GASS3645 1237666088978219262 18.76 15.41 0.031 0 0.0 0.0 0.0 0
GASS101021 1237663784205811792 19.22  0.15 0.019 0 0.0 0.0 0.0 0
GASS3509 1237649918430675108 19.30 13.34 0.048 0 0.0 0.0 0.0 0
GASS3524 1237649920041287833 19.32 14.62 0.038 0 0.0 0.0 0.0 0
GASS3519 1237649920041287865 19.37 14.70 0.043 0 0.0 0.0 0.0 0
GASS3505 1237649918430740640 19.44 13.32 0.048 0 0.0 0.0 0.0 0
GASS3666 1237649921115095245 19.51 15.54 0.038 0 0.0 0.0 0.0 0
GASS3504 1237653650769510570 19.60 13.62 0.038 0 0.0 0.0 0.0 0
GASS3508 1237649920041484373 19.75 14.61 0.036 0 0.0 0.0 0.0 0
GASS101007 1237679167157239965 20.29 15.69 0.017 0 0.0 0.0 0.0 0
GASS101004 1237649920041746583 20.38 14.50 0.014 0 0.0 0.0 0.0 0
GASS3773 1237649954403844196 20.47 14.90 0.036 0 0.0 0.0 0.0 0
GASS3757 1237653653454258259 20.62 15.54 0.038 0 0.0 0.0 0.0 0
GASS3777 1237649920041943052 20.82 14.66 0.040 0 0.0 0.0 0.0 0
GASS101034 1237649919505268858 21.23 14.22 0.020 0 0.0 0.0 0.0 0
GASS27260 1237649920042139771 21.35 14.52 0.037 0 0.0 0.0 0.0 0
GASS27260 1237649920042139771 21.35 14.52 0.037 0 0.0 0.0 0.0 0
GASS27260 1237649920042139771 21.35 14.52 0.037 0 0.0 0.0 0.0 0
GASS3792 1237649954404630678 22.18 14.61 0.036 0 0.0 0.0 0.0 0
GASS27250 1237653650770821212 22.53 13.28 0.038 0 0.0 0.0 0.0 0
GASS27250 1237653650770821212 22.53 13.28 0.038 0 0.0 0.0 0.0 0
GASS27284 1237679167158419633 23.02 15.50 0.044 0 0.0 0.0 0.0 0
GASS27284 1237679167158419633 23.02 15.50 0.044 0 0.0 0.0 0.0 0
GASS101037 1237663784208105545 24.40  0.04 0.016 0 0.0 0.0 0.0 0
GASS3851 1237649921117323417 24.72 15.05 0.028 0 0.0 0.0 0.0 0
GASS3854 1237649921117323295 24.73 15.02 0.028 0 0.0 0.0 0.0 0
GASS3859 1237653652919156841 24.76 14.97 0.028 0 0.0 0.0 0.0 0
GASS3821 1237653651308806260 25.18 13.55 0.045 0 0.0 0.0 0.0 0
GASS3819 1237653651308871769 25.43 13.68 0.045 0 0.0 0.0 0.0 0
GASS3817 1237653651845939335 25.86 13.85 0.045 0 0.0 0.0 0.0 0
GASS4094 1237649918970363988 25.86 13.32 0.028 0 0.0 0.0 0.0 0
GASS4111 1237649954406465636 26.51 14.24 0.044 0 0.0 0.0 0.0 0
GASS4119 1237653651846266997 26.62 13.95 0.044 0 0.0 0.0 0.0 0
GASS101031 1237649918434017451 26.98 12.69 0.018 0 0.0 0.0 0.0 0
GASS101030 1237653650772722004 27.02 12.93 0.017 0 0.0 0.0 0.0 0
GASS101000 1237653651309658215 27.22 13.42 0.016 0 0.0 0.0 0.0 0
GASS101012 1237653650772787408 27.26 12.93 0.017 0 0.0 0.0 0.0 0
GASS4195 1237649920581501102 27.28 14.43 0.045 0 0.0 0.0 0.0 0
GASS4074 1237649918434148365 27.30 12.85 0.026 0 0.0 0.0 0.0 0
GASS101024 1237653651309723760 27.32 13.47 0.017 0 0.0 0.0 0.0 0
GASS101016 1237653650772852748 27.33 13.05 0.018 0 0.0 0.0 0.0 0
GASS101019 1237653651309723856 27.33 13.30 0.017 0 0.0 0.0 0.0 0
GASS101022 1237653651309723779 27.35 13.37 0.015 0 0.0 0.0 0.0 0
GASS101011 1237649918971019363 27.39 13.23 0.017 0 0.0 0.0 0.0 0
GASS4065 1237649918434213983 27.42 12.75 0.049 0 0.0 0.0 0.0 0
GASS101017 1237653650772918395 27.47 12.98 0.016 0 0.0 0.0 0.0 0
GASS101008 1237649918971084821 27.48 13.13 0.017 0 0.0 0.0 0.0 0
GASS101010 1237649918971084957 27.57 13.14 0.016 0 0.0 0.0 0.0 0
GASS4203 1237649954406924408 27.61 14.19 0.034 0 0.0 0.0 0.0 0
GASS101001 1237649919507955919 27.63 13.66 0.017 0 0.0 0.0 0.0 0
GASS101018 1237649918971150356 27.65 13.11 0.016 0 0.0 0.0 0.0 0
GASS4165 1237653651846725744 27.69 13.69 0.044 0 0.0 0.0 0.0 0
GASS4163 1237649918971347047 28.19 13.19 0.026 0 0.0 0.0 0.0 0
GASS101026 1237679167160713400 28.52 14.91 0.017 0 0.0 0.0 0.0 0
GASS4145 1237649918971609134 28.82 12.99 0.032 0 0.0 0.0 0.0 0
GASS4216 1237679167160910012 28.97 14.94 0.044 0 0.0 0.0 0.0 0
GASS4134 1237649918434869329 29.03 12.57 0.045 0 0.0 0.0 0.0 0
GASS4137 1237653651310510116 29.22 13.21 0.044 0 0.0 0.0 0.0 0
GASS4136 1237653651310510247 29.27 13.17 0.032 0 0.0 0.0 0.0 0
GASS4233 1237679167161041117 29.28 14.93 0.043 0 0.0 0.0 0.0 0
GASS4230 1237653652921057594 29.29 14.55 0.026 0 0.0 0.0 0.0 0
GASS4223 1237649921119223868 29.30 14.74 0.026 0 0.0 0.0 0.0 0
GASS3918 1237653651310575752 29.33 13.13 0.033 0 0.0 0.0 0.0 0
GASS4130 1237653651310575653 29.33 13.17 0.045 0 0.0 0.0 0.0 0
GASS4132 1237649919508742295 29.43 13.39 0.044 0 0.0 0.0 0.0 0
GASS3917 1237649919508742339 29.48 13.36 0.044 0 0.0 0.0 0.0 0
GASS4239 1237649920582484073 29.57 14.30 0.026 0 0.0 0.0 0.0 0
GASS101033 1237649954407907520 29.88 13.94 0.015 0 0.0 0.0 0.0 0
GASS3936 1237649920045809682 29.94 13.78 0.044 0 0.0 0.0 0.0 0
GASS102001 1237679167161499826 30.27 14.70 0.015 0 0.0 0.0 0.0 0
GASS3957 1237649920046202994 30.86 13.65 0.033 0 0.0 0.0 0.0 0
GASS3960 1237679167161761910 30.96 14.76 0.032 0 0.0 0.0 0.0 0
GASS3956 1237649920046268526 30.97 13.67 0.033 0 0.0 0.0 0.0 0
GASS3962 1237653652921843735 31.00 14.31 0.043 0 0.0 0.0 0.0 0
GASS3966 1237649920583205028 31.23 14.02 0.031 0 0.0 0.0 0.0 0
GASS4017 1237670961617895518 31.32 13.51 0.026 0 0.0 0.0 0.0 0
GASS3880 1237649919509528682 31.33 13.26 0.027 0 0.0 0.0 0.0 0
GASS3972 1237679167161958434 31.41 14.65 0.043 0 0.0 0.0 0.0 0
GASS3971 1237649921120141460 31.47 14.42 0.043 0 0.0 0.0 0.0 0
GASS4014 1237649919509790842 31.83 13.03 0.048 0 0.0 0.0 0.0 0
GASS3977 1237670961081352253 31.94 14.08 0.032 0 0.0 0.0 0.0 0
GASS3977 1237670961081352253 31.94 14.08 0.032 0 0.0 0.0 0.0 0
GASS4008 1237649918973051009 32.12 12.73 0.035 0 0.0 0.0 0.0 0
GASS4030 1237670960544546959 32.41 13.98 0.049 0 0.0 0.0 0.0 0
GASS4038 1237670458034880693 32.84 14.50 0.042 0 0.0 0.0 0.0 0
GASS4039 1237670458034749647 32.88 14.20 0.025 0 0.0 0.0 0.0 0
GASS4041 1237670458034880716 32.90 14.51 0.026 0 0.0 0.0 0.0 0
GASS4040 1237653652922630216 32.91 14.14 0.027 0 0.0 0.0 0.0 0
GASS4048 1237649954409283683 33.08 13.61 0.041 0 0.0 0.0 0.0 0
GASS3987 1237649920047317106 33.41 13.46 0.042 0 0.0 0.0 0.0 0
GASS4056 1237649920584187987 33.46 13.84 0.038 0 0.0 0.0 0.0 0
GASS3981 1237653651849216124 33.52 13.20 0.042 0 0.0 0.0 0.0 0
GASS3985 1237649920047382635 33.55 13.44 0.041 0 0.0 0.0 0.0 0
GASS4057 1237653652922957896 33.58 13.94 0.040 0 0.0 0.0 0.0 0
GASS3980 1237653650775539822 33.60 12.34 0.041 0 0.0 0.0 0.0 0
