#M_vir  M_star  M_HI   M_H2   SFR
2.16e+13 2.98e+11 2.80e+09 1.40e+09 1.19e+01
4.27e+12 9.48e+10 1.95e+09 8.34e+08 6.10e+00
5.96e+12 6.04e+10 0.00e+00 0.00e+00 0.00e+00
3.12e+12 5.01e+10 5.87e+08 3.47e+08 1.88e+00
1.26e+12 3.43e+10 2.04e+09 4.78e+09 5.64e+00
1.86e+13 4.14e+10 2.28e+07 2.88e+06 0.00e+00
2.95e+12 3.61e+10 1.02e+07 2.66e+07 4.10e-02
1.18e+12 3.03e+10 2.43e+09 3.75e+09 3.84e-01
1.65e+12 3.06e+10 1.89e+07 1.15e+08 7.71e-02
1.71e+12 2.88e+10 6.67e+07 5.56e+08 2.53e-01
2.36e+12 2.92e+10 2.28e+07 1.72e+08 8.15e-02
1.29e+12 2.27e+10 1.48e+09 2.84e+09 9.47e-01
3.67e+12 2.62e+10 3.09e+07 7.76e+07 1.72e-01
1.51e+12 2.53e+10 4.80e+08 1.51e+09 1.04e+00
1.26e+12 2.14e+10 2.63e+09 3.20e+09 5.24e-01
7.30e+11 1.94e+10 1.28e+09 1.79e+09 9.83e-01
6.50e+11 1.62e+10 1.66e+09 3.05e+09 3.49e+00
6.55e+11 1.29e+10 1.86e+09 2.54e+09 1.90e+00
3.94e+11 1.62e+10 7.50e+08 1.23e+09 6.78e-01
5.38e+11 1.14e+10 2.81e+09 2.29e+09 9.93e-01
9.68e+11 1.59e+10 4.39e+08 2.99e+08 5.39e-01
3.71e+11 1.58e+10 3.60e+08 2.89e+08 9.66e-01
2.78e+12 1.58e+10 0.00e+00 0.00e+00 0.00e+00
5.10e+11 9.11e+09 1.83e+09 1.92e+09 1.13e+00
7.87e+11 1.35e+10 5.72e+08 4.38e+08 4.00e-01
3.56e+11 9.27e+09 1.83e+09 1.50e+09 4.49e-01
2.76e+11 1.23e+10 6.14e+06 3.27e+07 4.80e-02
4.87e+11 7.15e+09 2.62e+09 2.01e+09 8.83e-01
5.97e+11 8.89e+09 9.81e+08 5.93e+08 9.33e-01
7.59e+11 4.34e+09 3.82e+09 2.06e+09 1.47e+00
4.29e+11 6.25e+09 1.17e+09 1.49e+09 8.47e-01
1.82e+12 9.79e+09 0.00e+00 0.00e+00 0.00e+00
2.97e+11 3.86e+09 2.32e+09 1.17e+09 2.68e-01
3.50e+11 5.74e+09 1.80e+09 4.60e+08 1.11e+00
2.31e+11 4.42e+09 1.31e+09 1.28e+09 8.32e-01
6.25e+11 4.47e+09 2.76e+09 1.95e+09 4.13e-01
1.86e+11 4.02e+09 9.29e+08 8.25e+08 2.33e-01
2.11e+11 2.27e+09 1.71e+09 1.08e+09 4.52e-01
2.25e+11 4.13e+09 1.71e+09 4.38e+08 7.21e-01
2.03e+11 2.43e+09 1.50e+09 8.64e+08 2.31e-01
2.36e+11 3.48e+09 1.08e+09 6.83e+08 3.04e-01
2.01e+12 6.01e+09 3.52e+06 6.95e+07 1.00e+00
2.00e+11 4.74e+09 2.92e+08 1.83e+08 4.36e-01
1.46e+11 3.94e+09 2.65e+08 3.86e+08 1.42e-01
2.25e+11 3.05e+09 7.74e+08 6.85e+08 2.37e-01
1.49e+11 2.99e+09 5.31e+08 3.90e+08 1.30e-01
1.75e+11 3.33e+09 3.29e+08 3.73e+08 1.64e-01
1.68e+11 3.83e+09 2.04e+08 1.97e+08 4.59e-01
1.78e+11 2.64e+09 7.11e+08 3.67e+08 5.32e-01
1.79e+11 2.74e+09 8.00e+08 4.37e+08 8.88e-01
1.87e+11 3.43e+09 2.21e+08 2.34e+08 4.25e-01
1.49e+11 3.36e+09 2.64e+08 2.11e+08 3.41e-01
1.07e+11 3.39e+09 1.05e+08 1.99e+08 6.32e-02
1.92e+11 2.18e+09 4.61e+08 5.63e+08 2.23e-01
2.28e+11 1.46e+09 1.36e+09 5.65e+08 8.81e-01
1.45e+11 2.97e+09 2.70e+08 2.82e+08 1.67e-01
1.23e+11 3.09e+09 2.24e+08 2.05e+08 2.99e-01
2.48e+11 1.14e+09 1.19e+09 4.99e+08 1.82e-01
1.35e+11 1.71e+09 8.18e+08 3.11e+08 6.36e-02
1.37e+11 2.60e+09 1.69e+08 1.15e+08 2.88e-01
1.03e+11 2.40e+09 2.24e+08 1.75e+08 2.71e-01
2.17e+11 2.68e+09 1.03e+08 8.90e+07 1.32e-01
2.58e+11 2.51e+09 1.12e+08 1.83e+08 1.55e-01
1.36e+11 2.49e+09 1.22e+08 1.32e+08 2.02e-01
1.08e+11 2.21e+09 1.67e+08 2.37e+08 1.58e-01
9.13e+10 1.63e+09 4.13e+08 3.06e+08 3.29e-02
1.40e+11 1.78e+09 4.01e+08 2.33e+08 3.33e-01
6.80e+10 1.15e+09 5.18e+08 2.29e+08 3.90e-02
1.18e+11 1.43e+09 6.47e+08 3.48e+08 1.32e-01
1.28e+11 1.22e+09 4.47e+08 3.04e+08 1.55e-01
9.25e+10 1.20e+09 4.13e+08 3.18e+08 2.04e-01
7.60e+10 9.16e+08 5.02e+08 2.69e+08 4.74e-02
1.68e+11 6.82e+08 8.99e+08 2.51e+08 3.29e-01
8.85e+10 1.83e+09 1.23e+08 1.18e+08 4.85e-02
1.00e+11 1.82e+09 1.33e+08 1.40e+08 1.41e-01
7.05e+10 5.61e+08 6.90e+08 3.31e+08 2.09e-01
8.67e+10 7.82e+08 5.36e+08 2.47e+08 1.02e-01
1.20e+11 1.44e+09 3.31e+08 2.24e+08 2.54e-01
2.30e+11 1.86e+09 3.16e+07 4.70e+07 4.50e-02
1.00e+11 1.05e+09 3.67e+08 2.04e+08 4.67e-02
1.55e+11 1.64e+09 7.40e+07 6.62e+07 5.19e-02
1.30e+11 1.57e+09 7.46e+07 1.22e+08 1.01e-01
1.27e+11 1.34e+09 1.76e+08 2.06e+08 2.20e-01
6.47e+10 2.21e+08 7.46e+08 6.17e+07 1.97e-02
6.59e+10 1.36e+09 1.22e+08 1.13e+08 8.39e-02
1.15e+11 1.11e+09 2.20e+08 1.73e+08 1.01e-01
9.07e+10 9.67e+08 3.26e+08 1.49e+08 1.19e-01
1.07e+11 9.22e+08 3.92e+08 1.12e+08 2.29e-01
7.74e+10 1.36e+09 5.70e+07 6.55e+07 9.73e-02
5.48e+10 2.36e+08 5.95e+08 1.42e+08 1.58e-02
7.85e+10 1.20e+09 1.36e+08 3.98e+07 6.23e-02
7.88e+10 1.26e+09 5.47e+07 6.17e+07 4.71e-02
7.35e+10 2.18e+08 5.34e+08 6.72e+07 1.90e-02
9.04e+10 9.93e+08 2.13e+08 9.92e+07 1.42e-01
6.80e+10 1.20e+09 4.46e+07 3.69e+07 4.51e-02
1.14e+11 1.22e+09 2.28e+07 2.36e+07 2.11e-02
1.06e+11 6.31e+08 2.81e+08 1.43e+08 9.00e-02
6.87e+10 1.05e+09 7.80e+07 5.62e+07 8.96e-02
7.02e+10 1.07e+09 3.95e+07 5.19e+07 6.56e-02
1.37e+10 1.19e+09 0.00e+00 0.00e+00 0.00e+00
7.54e+10 9.53e+08 1.11e+08 3.64e+07 4.48e-02
1.17e+11 1.59e+08 4.84e+08 1.79e+08 1.16e-01
6.82e+10 9.03e+08 9.28e+07 6.35e+07 8.35e-02
7.28e+10 9.31e+08 1.11e+08 4.22e+07 5.05e-02
5.68e+10 8.29e+08 1.34e+08 5.00e+07 7.25e-02
8.05e+10 2.63e+08 3.51e+08 1.11e+08 4.39e-02
6.88e+10 8.72e+08 9.29e+07 4.19e+07 4.58e-02
9.61e+10 8.39e+08 6.11e+07 3.03e+07 2.99e-02
4.07e+10 5.68e+08 2.47e+08 5.22e+07 6.76e-02
6.56e+10 6.69e+08 1.44e+08 6.68e+07 1.03e-01
5.45e+10 7.14e+08 8.44e+07 6.08e+07 6.79e-02
6.48e+10 7.63e+08 7.62e+07 3.04e+07 3.79e-02
7.39e+10 4.63e+08 2.71e+08 8.30e+07 1.42e-01
8.04e+10 6.34e+08 1.51e+08 8.68e+07 9.04e-02
4.93e+10 6.85e+08 5.97e+07 7.17e+07 4.58e-02
9.52e+10 4.98e+08 1.28e+08 1.22e+08 6.98e-02
1.33e+11 5.17e+08 1.76e+08 9.02e+07 6.59e-02
4.08e+10 4.56e+08 1.85e+08 8.97e+07 1.87e-01
8.23e+10 3.49e+08 2.46e+08 9.52e+07 7.26e-02
5.48e+10 4.52e+08 1.89e+08 8.21e+07 1.31e-01
1.50e+11 5.25e+08 1.19e+08 5.88e+07 3.50e-02
4.33e+10 5.85e+08 7.58e+07 4.74e+07 5.54e-02
6.23e+10 4.01e+08 2.13e+08 5.65e+07 1.08e-01
4.66e+10 5.24e+08 9.74e+07 6.93e+07 5.85e-02
5.33e+10 5.91e+08 8.63e+07 5.46e+07 4.81e-02
5.66e+10 4.54e+08 1.93e+08 5.72e+07 1.05e-01
5.42e+10 5.34e+08 1.25e+08 3.86e+07 6.14e-02
4.58e+10 6.19e+08 6.06e+07 2.91e+07 4.56e-02
5.02e+10 2.62e+08 2.52e+08 7.54e+07 5.55e-02
4.12e+10 6.15e+08 5.64e+07 3.21e+07 4.78e-02
5.05e+10 4.38e+08 1.62e+08 6.26e+07 6.62e-02
7.15e+10 4.58e+08 1.65e+08 2.86e+07 2.18e-02
3.76e+10 5.83e+08 6.20e+07 3.09e+07 4.31e-02
4.98e+10 3.77e+08 1.31e+08 7.01e+07 4.92e-02
8.20e+10 2.73e+08 2.10e+08 8.78e+07 1.03e-01
4.34e+10 2.27e+08 2.13e+08 5.33e+07 5.78e-02
5.11e+10 3.72e+08 1.08e+08 6.11e+07 3.61e-02
5.22e+10 2.51e+08 1.62e+08 7.38e+07 3.43e-02
5.94e+10 4.38e+08 9.69e+07 4.18e+07 5.47e-02
5.85e+10 3.54e+08 1.41e+08 4.13e+07 6.92e-02
4.19e+10 3.19e+08 1.25e+08 5.78e+07 5.24e-02
4.08e+10 4.31e+08 7.57e+07 3.52e+07 4.20e-02
5.25e+10 4.33e+08 9.41e+07 3.65e+07 4.56e-02
3.21e+10 4.59e+08 3.86e+07 2.79e+07 4.18e-02
3.95e+10 3.75e+08 8.99e+07 4.27e+07 5.35e-02
5.03e+10 4.46e+08 3.33e+07 2.89e+07 2.76e-02
3.70e+10 2.81e+08 1.70e+08 1.20e+07 3.04e-03
5.44e+10 3.94e+08 7.57e+07 2.57e+07 3.18e-02
5.50e+10 2.11e+08 1.69e+08 5.65e+07 2.86e-02
4.53e+10 2.73e+08 1.30e+08 3.56e+07 3.78e-02
4.00e+10 4.27e+08 4.35e+07 1.57e+07 1.86e-02
6.78e+10 2.46e+08 2.08e+08 4.02e+07 5.79e-02
5.88e+10 2.89e+08 1.20e+08 3.75e+07 4.64e-02
6.54e+10 3.00e+08 9.95e+07 1.47e+07 7.08e-03
4.22e+10 3.34e+08 5.91e+07 3.22e+07 2.87e-02
3.14e+10 3.82e+08 3.57e+07 1.39e+07 1.25e-02
3.20e+10 3.62e+08 2.88e+07 2.60e+07 2.02e-02
2.88e+10 3.89e+08 2.01e+07 1.65e+07 2.20e-02
4.99e+10 8.00e+07 1.56e+08 2.05e+07 6.97e-03
3.34e+10 3.34e+08 3.42e+07 2.06e+07 2.43e-02
4.98e+10 2.67e+08 9.33e+07 2.21e+07 2.42e-02
3.43e+10 2.95e+08 4.36e+07 2.19e+07 1.75e-02
6.48e+10 8.29e+07 2.14e+08 2.36e+07 3.38e-02
4.51e+10 2.55e+08 9.07e+07 2.66e+07 3.21e-02
3.28e+10 1.04e+08 1.87e+08 2.93e+07 2.91e-02
3.37e+10 2.10e+08 1.10e+08 3.49e+07 4.28e-02
4.24e+10 2.37e+08 1.05e+08 9.32e+06 9.96e-03
3.95e+10 2.48e+08 7.99e+07 2.12e+07 2.25e-02
2.74e+10 3.07e+08 3.34e+07 1.86e+07 1.75e-02
3.70e+10 2.04e+08 8.20e+07 2.24e+07 8.92e-03
4.02e+10 2.38e+08 6.45e+07 3.33e+07 3.15e-02
2.60e+10 3.12e+08 2.36e+07 1.65e+07 1.69e-02
3.44e+10 2.71e+08 5.67e+07 2.00e+07 1.90e-02
3.70e+10 2.46e+08 6.08e+07 2.93e+07 2.91e-02
4.26e+10 1.45e+08 1.23e+08 3.37e+07 3.31e-02
3.62e+10 1.30e+08 1.26e+08 4.36e+07 4.45e-02
3.42e+10 2.20e+08 6.03e+07 1.59e+07 1.10e-02
4.72e+10 3.37e+08 3.92e+06 3.20e+05 1.00e+00
4.73e+10 3.27e+08 3.17e+06 8.03e+06 3.09e-03
4.02e+10 3.38e+08 0.00e+00 0.00e+00 0.00e+00
2.89e+10 1.20e+08 1.18e+08 2.69e+07 1.97e-02
3.21e+10 1.08e+08 1.20e+08 4.79e+07 4.38e-02
3.25e+10 1.84e+08 9.33e+07 3.05e+07 4.25e-02
3.19e+10 2.08e+08 6.60e+07 2.88e+07 3.42e-02
4.90e+10 2.49e+08 1.53e+08 2.36e+07 3.12e-03
3.43e+10 5.63e+07 1.93e+08 1.85e+07 2.51e-02
3.09e+10 1.04e+08 1.66e+08 1.90e+07 2.67e-02
1.84e+10 8.35e+07 1.19e+08 2.77e+07 5.85e-03
2.45e+10 2.20e+08 5.40e+07 2.28e+07 2.84e-02
3.00e+10 1.39e+08 1.25e+08 2.20e+07 2.87e-02
3.71e+10 1.76e+08 9.25e+07 2.68e+07 2.80e-02
3.10e+10 2.03e+08 6.12e+07 2.67e+07 3.34e-02
2.86e+10 1.47e+08 8.64e+07 3.16e+07 1.92e-02
4.49e+10 8.61e+07 1.79e+08 2.70e+07 3.00e-02
4.31e+10 2.34e+08 3.71e+07 1.85e+07 1.96e-02
3.71e+10 1.83e+08 7.61e+07 1.19e+07 1.42e-02
3.79e+10 1.43e+08 1.33e+08 1.93e+07 1.02e-02
3.09e+10 1.98e+08 5.11e+07 8.77e+06 8.38e-03
3.15e+10 1.96e+08 6.48e+07 3.84e+06 2.68e-03
2.29e+10 4.50e+07 1.34e+08 1.89e+07 1.16e-02
2.81e+10 1.28e+08 7.28e+07 3.08e+07 2.38e-02
3.37e+10 1.34e+08 9.37e+07 3.14e+07 3.38e-02
2.51e+10 1.23e+08 1.10e+08 3.47e+06 1.76e-03
5.21e+10 1.39e+08 8.27e+07 2.49e+07 2.74e-02
2.29e+10 2.68e+08 0.00e+00 0.00e+00 0.00e+00
7.11e+10 1.47e+08 7.33e+07 1.55e+07 9.46e-03
2.90e+10 1.47e+08 5.69e+07 3.27e+07 3.14e-02
2.76e+10 1.03e+08 1.13e+08 5.51e+06 4.41e-03
3.27e+10 2.18e+08 2.91e+07 7.98e+06 7.33e-03
2.37e+10 1.21e+08 7.31e+07 2.02e+07 1.37e-02
2.08e+10 1.61e+08 6.65e+07 6.13e+06 6.43e-03
2.10e+10 1.63e+08 5.35e+07 9.71e+06 8.88e-03
3.48e+10 1.26e+08 8.43e+07 2.40e+07 2.63e-02
2.18e+10 8.52e+07 1.15e+08 1.12e+07 1.21e-02
3.03e+10 1.98e+08 2.93e+07 5.25e+06 3.85e-03
2.85e+10 1.64e+07 1.78e+08 6.74e+06 8.37e-03
2.08e+10 1.07e+08 6.93e+07 2.66e+07 2.87e-02
2.39e+10 1.55e+08 3.28e+07 1.56e+07 7.99e-03
3.07e+10 1.34e+08 5.12e+07 1.31e+07 1.48e-02
2.12e+10 1.10e+08 7.56e+07 1.25e+07 1.52e-02
2.22e+10 1.39e+08 5.65e+07 9.75e+06 8.85e-03
1.88e+10 6.74e+07 1.01e+08 1.18e+07 1.25e-02
2.54e+10 8.97e+07 6.89e+07 1.85e+07 2.04e-02
3.59e+10 8.78e+07 6.56e+07 1.28e+07 5.96e-03
3.10e+10 8.74e+07 7.09e+07 1.33e+07 9.75e-03
3.61e+10 1.03e+08 7.09e+07 9.78e+06 1.07e-02
3.07e+09 2.00e+08 0.00e+00 0.00e+00 0.00e+00
3.44e+10 2.42e+07 1.16e+08 5.96e+06 6.48e-03
1.77e+10 1.29e+08 3.36e+07 1.53e+07 1.08e-02
4.17e+10 4.07e+07 1.01e+08 1.50e+07 1.82e-02
3.24e+10 9.60e+07 5.91e+07 1.05e+07 1.27e-02
2.55e+10 1.13e+08 5.96e+07 5.85e+06 5.69e-03
2.41e+10 4.19e+07 1.01e+08 5.47e+06 4.59e-03
2.25e+10 2.95e+07 1.01e+08 1.24e+07 7.77e-03
2.83e+10 1.25e+08 3.73e+07 1.48e+07 1.52e-02
2.51e+10 7.78e+07 7.49e+07 1.03e+07 1.04e-02
2.14e+10 7.90e+07 6.24e+07 1.22e+07 9.81e-03
1.99e+10 1.24e+08 2.95e+07 1.19e+07 9.74e-03
2.38e+10 1.36e+08 2.61e+07 2.85e+06 1.30e-03
3.66e+10 1.09e+08 5.19e+07 1.30e+07 1.40e-02
2.30e+10 1.34e+08 1.70e+07 7.35e+06 2.86e-03
3.91e+10 7.22e+07 6.63e+07 1.21e+07 1.25e-02
2.12e+10 8.17e+07 5.42e+07 1.98e+07 1.73e-02
2.27e+10 6.82e+07 5.17e+07 1.96e+07 1.42e-02
2.42e+10 6.22e+07 8.23e+07 1.02e+07 1.29e-02
6.06e+10 1.07e+08 5.41e+07 1.51e+07 1.05e-02
8.05e+09 1.72e+08 0.00e+00 0.00e+00 0.00e+00
3.32e+10 8.69e+07 5.08e+07 5.97e+06 5.26e-03
1.56e+10 1.19e+08 2.80e+07 1.09e+07 8.40e-03
2.84e+10 7.80e+07 6.95e+07 8.83e+06 8.25e-03
2.23e+10 6.01e+07 7.28e+07 8.77e+06 1.17e-02
1.99e+10 1.30e+08 1.19e+07 3.34e+06 6.74e-04
1.70e+10 7.25e+07 5.70e+07 1.33e+07 1.30e-02
1.62e+10 1.01e+07 9.62e+07 1.00e+06 3.82e-04
1.94e+10 6.55e+07 5.74e+07 1.05e+07 9.35e-03
1.50e+10 1.51e+08 0.00e+00 0.00e+00 0.00e+00
3.86e+10 1.38e+08 3.29e+06 3.28e+06 1.08e-03
2.22e+10 2.91e+07 7.78e+07 8.66e+06 6.28e-03
3.74e+10 2.00e+07 1.47e+08 6.78e+06 9.10e-03
2.23e+10 5.04e+07 6.86e+07 4.48e+06 4.55e-03
1.66e+10 6.40e+07 5.16e+07 1.16e+07 1.09e-02
2.42e+10 7.73e+07 2.81e+07 1.05e+07 5.97e-03
2.06e+10 2.21e+07 8.79e+07 9.26e+06 1.39e-02
2.19e+10 8.52e+07 2.59e+07 3.47e+06 8.79e-04
2.06e+10 5.38e+07 4.39e+07 6.50e+06 5.80e-03
2.30e+10 3.05e+07 6.42e+07 2.69e+06 2.27e-03
1.70e+10 4.81e+07 5.11e+07 9.68e+06 1.20e-02
1.59e+10 3.54e+07 4.84e+07 8.24e+06 3.77e-03
1.89e+10 6.02e+07 3.76e+07 7.46e+06 4.31e-03
2.05e+10 3.01e+07 7.87e+07 5.35e+06 5.89e-03
3.07e+10 1.06e+08 6.78e+06 3.47e+06 2.30e-03
2.32e+10 6.08e+07 4.17e+07 1.17e+07 9.07e-03
2.35e+10 1.24e+08 0.00e+00 0.00e+00 0.00e+00
2.69e+10 8.24e+07 1.65e+07 5.03e+06 1.90e-03
1.23e+10 2.50e+07 5.56e+07 4.33e+06 1.93e-03
1.63e+10 5.29e+07 3.97e+07 1.13e+07 7.65e-03
4.65e+10 6.27e+07 7.86e+07 1.13e+07 5.48e-03
1.83e+10 2.53e+07 6.36e+07 4.42e+06 4.71e-03
2.38e+10 3.01e+07 5.92e+07 7.22e+06 7.06e-03
2.17e+10 1.39e+07 6.64e+07 4.16e+06 3.63e-03
1.56e+10 3.45e+07 5.11e+07 1.25e+07 1.14e-02
1.55e+10 2.01e+07 6.76e+07 1.19e+07 1.75e-02
2.28e+10 4.97e+07 4.46e+07 2.27e+06 8.20e-04
1.69e+10 9.06e+07 6.36e+06 4.81e+06 2.23e-03
1.08e+10 5.15e+07 3.34e+07 6.12e+06 5.89e-03
3.23e+10 4.33e+07 5.58e+07 2.03e+06 5.45e-04
3.01e+10 1.81e+07 8.42e+07 7.98e+06 3.34e-03
2.72e+10 1.79e+07 5.27e+07 2.72e+06 1.40e-03
2.06e+10 2.59e+07 5.75e+07 7.75e+06 7.98e-03
2.10e+10 2.27e+07 6.91e+07 4.12e+06 4.28e-03
1.77e+10 4.74e+07 3.50e+07 8.42e+06 7.41e-03
1.29e+10 1.05e+08 0.00e+00 0.00e+00 0.00e+00
2.27e+10 3.16e+07 5.77e+07 4.92e+06 4.79e-03
2.09e+10 4.32e+07 4.01e+07 5.80e+05 2.42e-04
1.39e+10 4.12e+07 3.50e+07 7.97e+06 4.98e-03
1.41e+10 6.66e+07 1.34e+07 2.87e+06 7.51e-04
2.07e+10 3.58e+07 4.35e+07 3.02e+06 3.29e-03
1.77e+10 2.24e+07 5.32e+07 8.30e+06 1.03e-02
1.27e+10 2.07e+07 5.77e+07 3.48e+06 3.51e-03
1.65e+10 2.50e+07 5.45e+07 2.75e+06 2.87e-03
1.77e+10 1.84e+07 4.67e+07 6.98e+06 5.23e-03
2.06e+10 4.39e+07 3.33e+07 7.80e+06 6.25e-03
2.34e+10 9.86e+07 0.00e+00 0.00e+00 0.00e+00
3.10e+09 9.80e+07 0.00e+00 0.00e+00 0.00e+00
1.80e+10 2.70e+07 4.41e+07 5.51e+06 5.97e-03
2.17e+10 2.31e+07 5.60e+07 4.54e+06 4.67e-03
1.77e+10 2.48e+07 4.20e+07 6.09e+06 5.95e-03
1.77e+10 4.06e+07 2.56e+07 6.38e+06 2.24e-03
1.93e+10 5.52e+07 2.45e+07 2.21e+06 1.16e-03
1.51e+10 6.34e+07 1.00e+07 2.33e+06 3.02e-04
1.50e+10 3.93e+07 3.26e+07 4.01e+06 3.13e-03
1.88e+10 2.38e+07 4.15e+07 5.59e+06 5.76e-03
1.74e+10 8.98e+07 0.00e+00 0.00e+00 0.00e+00
1.48e+10 6.96e+07 8.01e+06 1.05e+06 4.73e-04
1.20e+10 8.54e+06 5.24e+07 6.61e+06 7.20e-03
1.05e+10 9.90e+06 4.33e+07 4.13e+06 2.51e-03
1.73e+10 1.84e+07 3.18e+07 9.11e+06 4.45e-03
2.72e+10 1.32e+07 4.29e+07 5.69e+06 4.69e-03
1.70e+10 2.38e+07 4.48e+07 7.37e+05 4.81e-04
1.60e+10 6.59e+07 1.36e+07 1.47e+06 4.92e-04
3.59e+10 2.68e+07 5.61e+07 1.94e+06 1.04e-03
1.10e+10 3.25e+07 2.96e+07 3.14e+06 1.96e-03
2.52e+10 2.20e+07 6.56e+07 3.04e+06 2.18e-03
1.58e+10 1.43e+07 4.28e+07 3.56e+06 3.01e-03
1.82e+10 7.03e+06 5.09e+07 3.94e+06 4.74e-03
2.10e+10 1.37e+07 8.26e+07 7.27e+06 3.66e-03
1.56e+10 1.74e+07 3.51e+07 6.03e+06 5.17e-03
2.24e+10 1.62e+07 4.24e+07 5.87e+06 5.99e-03
2.70e+10 1.67e+07 4.45e+07 2.11e+06 2.12e-03
1.44e+10 2.97e+07 1.90e+07 7.06e+06 2.86e-03
1.31e+10 5.20e+07 9.02e+06 2.07e+06 7.93e-04
1.19e+10 7.35e+06 5.20e+07 4.99e+06 5.25e-03
1.22e+10 7.83e+06 4.43e+07 3.11e+06 3.45e-03
1.49e+10 2.49e+07 2.97e+07 3.81e+06 3.31e-03
1.34e+10 1.28e+07 3.45e+07 4.53e+06 2.30e-03
1.46e+10 2.34e+07 2.85e+07 3.65e+06 2.52e-03
1.94e+10 3.14e+07 2.81e+07 1.75e+06 1.41e-03
1.27e+10 1.30e+07 4.34e+07 5.77e+06 5.85e-03
9.57e+09 2.41e+07 2.15e+07 3.64e+06 1.24e-03
1.46e+10 3.37e+07 2.58e+07 2.01e+06 1.54e-03
2.98e+10 6.54e+07 0.00e+00 0.00e+00 0.00e+00
2.41e+10 8.70e+06 4.30e+07 5.76e+06 3.89e-03
1.42e+10 1.26e+07 3.59e+07 1.26e+06 1.31e-03
5.22e+09 6.49e+07 0.00e+00 0.00e+00 0.00e+00
1.51e+10 2.42e+07 2.23e+07 2.24e+06 1.21e-03
2.06e+10 1.14e+07 3.38e+07 1.84e+06 1.63e-03
2.38e+10 1.79e+07 2.74e+07 3.12e+06 2.39e-03
7.17e+09 2.16e+07 2.90e+07 1.55e+06 9.60e-04
2.11e+10 2.64e+07 2.26e+07 5.06e+06 3.27e-03
1.59e+10 1.95e+07 3.33e+07 3.97e+06 2.85e-03
1.38e+10 1.70e+07 2.86e+07 2.82e+06 3.15e-03
1.73e+10 3.35e+07 1.09e+07 3.45e+06 1.13e-03
1.44e+10 1.59e+07 2.65e+07 4.14e+06 3.72e-03
1.27e+10 2.37e+07 2.72e+07 1.25e+06 8.26e-04
1.67e+10 2.55e+07 3.55e+07 5.96e+06 2.71e-03
1.61e+10 4.88e+07 4.59e+06 1.47e+05 3.28e-05
1.21e+10 8.49e+06 2.80e+07 3.21e+06 1.91e-03
1.40e+10 1.27e+07 2.72e+07 4.19e+06 3.58e-03
2.47e+10 2.49e+07 2.69e+07 1.00e+06 5.76e-04
1.55e+10 2.66e+07 2.44e+07 1.09e+05 1.00e+00
1.08e+10 6.67e+06 3.20e+07 2.37e+06 1.93e-03
1.52e+10 2.30e+07 1.82e+07 9.29e+05 5.01e-04
1.40e+10 7.75e+06 3.19e+07 3.39e+06 3.24e-03
1.27e+10 6.95e+06 2.48e+07 3.17e+06 1.56e-03
1.35e+10 1.39e+07 2.75e+07 2.43e+06 1.96e-03
1.65e+10 5.45e+07 0.00e+00 0.00e+00 0.00e+00
1.23e+10 7.74e+06 2.95e+07 9.77e+05 5.44e-04
1.60e+10 8.14e+06 2.87e+07 2.70e+06 1.79e-03
1.58e+10 1.02e+07 2.63e+07 3.26e+06 3.68e-03
1.25e+10 3.21e+07 1.23e+07 9.33e+05 4.04e-04
1.48e+10 2.82e+07 1.49e+07 9.65e+05 3.97e-04
1.84e+10 7.94e+06 7.42e+07 4.70e+06 3.02e-03
1.52e+10 1.94e+07 2.19e+07 4.66e+05 1.00e+00
3.85e+09 5.02e+07 0.00e+00 0.00e+00 0.00e+00
1.27e+10 5.02e+07 0.00e+00 0.00e+00 0.00e+00
1.31e+10 1.47e+07 2.03e+07 1.47e+06 5.84e-04
2.20e+10 1.45e+07 2.20e+07 2.17e+06 9.49e-04
1.68e+10 1.07e+07 2.74e+07 3.30e+06 2.19e-03
1.77e+10 4.97e+07 0.00e+00 0.00e+00 0.00e+00
4.32e+09 4.78e+07 0.00e+00 0.00e+00 0.00e+00
1.70e+10 1.08e+07 2.61e+07 2.03e+06 1.25e-03
1.03e+10 1.09e+07 2.69e+07 2.07e+06 1.76e-03
1.15e+10 9.22e+06 3.13e+07 2.34e+06 2.03e-03
1.44e+10 1.46e+07 2.15e+07 3.27e+06 3.25e-03
1.72e+10 3.63e+07 4.67e+06 2.16e+06 1.07e-03
8.51e+09 1.42e+07 1.93e+07 1.78e+06 1.13e-03
2.76e+10 1.53e+07 5.26e+07 4.85e+06 8.84e-04
1.06e+10 6.75e+06 2.00e+07 1.58e+06 6.48e-04
1.63e+10 2.61e+07 1.02e+07 1.36e+06 6.14e-04
1.22e+10 3.30e+07 4.18e+06 3.95e+05 1.33e-05
1.82e+10 4.37e+07 0.00e+00 0.00e+00 0.00e+00
1.35e+10 5.86e+06 2.72e+07 2.06e+06 1.98e-03
1.04e+10 9.31e+06 1.99e+07 2.31e+06 1.01e-03
1.26e+10 2.16e+07 1.05e+07 7.24e+05 2.59e-04
1.18e+09 4.07e+07 0.00e+00 0.00e+00 0.00e+00
1.09e+10 1.53e+07 1.61e+07 1.65e+06 9.92e-04
8.77e+09 1.16e+07 1.39e+07 2.11e+06 3.53e-04
1.19e+10 7.77e+06 2.39e+07 4.28e+05 2.38e-04
7.72e+09 1.00e+07 1.61e+07 1.37e+06 6.84e-04
1.18e+10 1.51e+07 1.09e+07 1.06e+06 3.55e-04
3.29e+10 2.05e+07 7.25e+06 1.24e+06 3.68e-04
2.95e+10 7.38e+06 8.39e+07 1.77e+06 3.11e-04
1.03e+10 1.22e+07 1.65e+07 2.94e+06 2.48e-03
1.34e+10 6.64e+06 2.17e+07 1.49e+05 7.46e-05
1.47e+10 9.64e+06 1.67e+07 6.36e+05 2.91e-04
9.74e+09 1.07e+07 1.45e+07 3.27e+06 2.73e-03
9.79e+09 7.21e+06 1.86e+07 2.75e+06 2.47e-03
5.68e+09 3.53e+07 0.00e+00 0.00e+00 0.00e+00
1.18e+10 7.32e+06 1.82e+07 1.85e+04 9.15e-06
1.49e+10 3.49e+07 0.00e+00 0.00e+00 0.00e+00
1.85e+09 3.41e+07 0.00e+00 0.00e+00 0.00e+00
1.66e+10 1.61e+07 9.75e+06 8.60e+05 6.29e-04
1.15e+10 6.20e+06 1.51e+07 6.96e+05 2.12e-04
1.11e+10 7.42e+06 1.44e+07 9.94e+05 4.17e-04
2.30e+10 3.23e+07 0.00e+00 0.00e+00 0.00e+00
1.23e+10 1.30e+07 1.02e+07 1.16e+06 6.51e-04
3.42e+10 7.55e+06 2.26e+07 5.10e+05 1.20e-04
1.33e+10 9.49e+06 1.48e+07 6.30e+04 1.88e-05
1.04e+10 1.35e+07 1.07e+07 9.70e+05 5.28e-04
1.17e+10 1.77e+07 6.53e+06 1.36e+06 2.32e-04
1.22e+10 1.74e+07 6.86e+06 1.11e+06 4.14e-04
2.04e+10 3.02e+07 0.00e+00 0.00e+00 0.00e+00
8.72e+09 8.25e+06 1.12e+07 1.40e+06 5.90e-04
1.01e+10 6.77e+06 1.38e+07 9.67e+05 6.52e-04
1.31e+10 1.66e+07 8.55e+06 0.00e+00 1.00e+00
1.18e+10 1.13e+07 1.04e+07 6.40e+05 2.57e-04
5.25e+09 2.64e+07 0.00e+00 0.00e+00 0.00e+00
9.85e+09 2.59e+07 0.00e+00 0.00e+00 0.00e+00
1.16e+10 1.07e+07 5.86e+06 2.34e+06 1.04e-03
1.32e+10 2.52e+07 0.00e+00 0.00e+00 0.00e+00
1.63e+10 1.83e+07 3.29e+06 8.31e+04 1.00e+00
1.04e+10 2.50e+07 0.00e+00 0.00e+00 0.00e+00
3.69e+09 2.32e+07 0.00e+00 0.00e+00 0.00e+00
1.09e+10 1.53e+07 2.78e+06 7.35e+04 1.00e+00
8.82e+09 2.24e+07 0.00e+00 0.00e+00 0.00e+00
1.48e+10 1.46e+07 6.34e+06 3.31e+05 1.00e+00
1.17e+10 6.88e+06 8.08e+06 4.33e+05 1.63e-04
1.38e+10 1.06e+07 6.20e+06 1.09e+06 3.53e-04
1.30e+10 8.53e+06 6.19e+06 1.09e+06 2.80e-04
1.27e+10 2.10e+07 0.00e+00 0.00e+00 0.00e+00
8.88e+09 2.10e+07 0.00e+00 0.00e+00 0.00e+00
1.11e+10 1.03e+07 6.47e+06 5.25e+05 1.00e+00
1.52e+10 1.34e+07 5.45e+06 0.00e+00 1.00e+00
1.09e+10 2.04e+07 0.00e+00 0.00e+00 0.00e+00
8.94e+09 6.61e+06 7.89e+06 3.18e+05 1.22e-04
1.26e+10 2.01e+07 0.00e+00 0.00e+00 0.00e+00
9.66e+09 1.01e+07 1.02e+07 0.00e+00 1.00e+00
2.09e+10 1.28e+07 2.50e+06 7.20e+05 1.42e-04
1.13e+10 1.70e+07 5.54e+05 0.00e+00 1.00e+00
9.91e+09 8.82e+06 4.40e+06 1.53e+06 3.61e-04
1.43e+09 1.94e+07 0.00e+00 0.00e+00 0.00e+00
1.20e+10 1.94e+07 0.00e+00 0.00e+00 0.00e+00
1.30e+10 1.25e+07 1.95e+06 1.28e+05 2.02e-05
9.49e+09 1.82e+07 0.00e+00 0.00e+00 0.00e+00
1.23e+10 1.15e+07 2.31e+06 1.53e+05 7.31e-06
7.74e+09 6.91e+06 5.69e+06 2.11e+05 5.51e-05
3.39e+09 1.79e+07 0.00e+00 0.00e+00 0.00e+00
1.03e+10 7.29e+06 5.07e+06 2.06e+05 7.99e-05
3.45e+09 1.71e+07 0.00e+00 0.00e+00 0.00e+00
2.57e+09 1.66e+07 0.00e+00 0.00e+00 0.00e+00
1.05e+10 5.78e+06 6.45e+06 7.10e+05 2.55e-04
8.97e+09 1.63e+07 0.00e+00 0.00e+00 0.00e+00
9.70e+09 1.60e+07 0.00e+00 0.00e+00 0.00e+00
1.20e+10 7.64e+06 3.72e+06 4.50e+05 1.28e-04
7.11e+09 1.54e+07 0.00e+00 0.00e+00 0.00e+00
1.37e+10 1.38e+07 1.47e+06 0.00e+00 1.00e+00
7.22e+09 6.47e+06 5.86e+06 0.00e+00 1.00e+00
3.12e+09 1.46e+07 0.00e+00 0.00e+00 0.00e+00
2.87e+09 1.45e+07 0.00e+00 0.00e+00 0.00e+00
1.32e+10 9.86e+06 3.18e+06 1.24e+05 1.00e+00
6.33e+09 1.42e+07 0.00e+00 0.00e+00 0.00e+00
1.05e+10 1.41e+07 0.00e+00 0.00e+00 0.00e+00
1.33e+10 1.31e+07 8.95e+05 0.00e+00 1.00e+00
1.04e+09 1.39e+07 0.00e+00 0.00e+00 0.00e+00
8.60e+09 1.37e+07 0.00e+00 0.00e+00 0.00e+00
9.31e+09 1.23e+07 0.00e+00 0.00e+00 1.00e+00
5.70e+09 1.27e+07 0.00e+00 0.00e+00 0.00e+00
1.42e+10 1.25e+07 0.00e+00 0.00e+00 0.00e+00
1.66e+10 1.24e+07 0.00e+00 0.00e+00 0.00e+00
4.80e+09 1.22e+07 0.00e+00 0.00e+00 0.00e+00
3.73e+09 1.22e+07 0.00e+00 0.00e+00 0.00e+00
1.66e+10 9.22e+06 1.07e+06 0.00e+00 1.00e+00
4.90e+09 1.21e+07 0.00e+00 0.00e+00 0.00e+00
7.22e+09 1.21e+07 0.00e+00 0.00e+00 0.00e+00
1.16e+10 7.51e+06 1.96e+06 6.09e+05 1.00e+00
7.06e+09 1.18e+07 0.00e+00 0.00e+00 0.00e+00
3.13e+09 1.16e+07 0.00e+00 0.00e+00 0.00e+00
1.23e+10 1.14e+07 0.00e+00 0.00e+00 0.00e+00
4.78e+09 1.12e+07 0.00e+00 0.00e+00 0.00e+00
1.19e+10 1.11e+07 0.00e+00 0.00e+00 0.00e+00
3.04e+09 1.11e+07 0.00e+00 0.00e+00 0.00e+00
8.51e+09 1.10e+07 0.00e+00 0.00e+00 0.00e+00
1.11e+10 1.09e+07 0.00e+00 0.00e+00 0.00e+00
2.26e+09 1.05e+07 0.00e+00 0.00e+00 0.00e+00
2.20e+10 9.82e+06 8.64e+05 0.00e+00 0.00e+00
8.86e+08 9.78e+06 0.00e+00 0.00e+00 0.00e+00
1.98e+09 9.58e+06 0.00e+00 0.00e+00 0.00e+00
9.11e+09 8.99e+06 0.00e+00 0.00e+00 0.00e+00
3.05e+09 8.45e+06 0.00e+00 0.00e+00 0.00e+00
4.98e+09 8.10e+06 0.00e+00 0.00e+00 0.00e+00
7.09e+09 7.99e+06 0.00e+00 0.00e+00 0.00e+00
8.52e+09 7.67e+06 0.00e+00 0.00e+00 0.00e+00
8.00e+09 7.51e+06 0.00e+00 0.00e+00 0.00e+00
1.08e+10 7.26e+06 0.00e+00 0.00e+00 0.00e+00
4.20e+09 7.22e+06 0.00e+00 0.00e+00 0.00e+00
1.10e+10 6.92e+06 1.76e+05 0.00e+00 0.00e+00
9.85e+09 6.89e+06 0.00e+00 0.00e+00 0.00e+00
1.08e+10 6.87e+06 0.00e+00 0.00e+00 0.00e+00
6.60e+09 6.80e+06 0.00e+00 0.00e+00 0.00e+00
7.47e+09 6.35e+06 0.00e+00 0.00e+00 0.00e+00
2.42e+09 6.11e+06 0.00e+00 0.00e+00 0.00e+00
1.26e+10 6.09e+06 2.11e+04 0.00e+00 0.00e+00
1.99e+09 5.95e+06 0.00e+00 0.00e+00 0.00e+00
2.12e+09 5.91e+06 0.00e+00 0.00e+00 0.00e+00
2.34e+09 5.77e+06 0.00e+00 0.00e+00 0.00e+00
1.03e+10 5.71e+06 1.17e+05 4.47e+04 0.00e+00
