-99   7.637   7.676  14.943  14.936  0.0381  0.0384  -99  111244
-99  10.442  10.559  1.177  0.861  0.0180  0.0180  -99  12482
153620  18.448  18.332  15.508  15.491  0.0453  0.0490  109  63756
-99  18.656  18.442  1.181  0.946  0.0154  0.0235  -99  333734
-99  26.980  26.789  12.692  12.924  0.0175  0.0260  -99  110851
379261  27.015  26.789  12.935  12.924  0.0175  0.0260  318  110851
379268  27.261  27.280  12.928  12.837  0.0174  0.0263  318  10435
150319  27.634  28.257  13.662  13.675  0.0174  0.0173  318  111457
153939  29.304  29.313  14.735  14.835  0.0260  0.0333  2114  112346
154583  31.323  31.274  13.506  13.739  0.0258  0.0335  1791  111768
154054  32.881  32.913  14.201  14.142  0.0254  0.0269  4953  112082
824722  116.110  116.174  29.269  29.316  0.0396  0.0394  5429  170043
1153158  116.392  116.049  18.803  18.833  0.0450  0.0491  36  236215
2305130  120.591  120.550  10.152  10.543  0.0152  0.0145  491  419333
2483713  121.063  120.986  8.732  8.699  0.0157  0.0166  491  51539
2305148  121.235  121.257  10.439  10.764  0.0344  0.0347  243  3624
2251656  121.392  121.654  10.393  10.457  0.0340  0.0418  243  419003
-99  124.240  123.933  20.512  21.131  0.0145  0.0139  -99  338193
1812842  124.705  125.085  21.218  21.106  0.0149  0.0230  82  354402
1813611  124.771  124.820  21.791  22.077  0.0150  0.0116  82  42602
1875241  124.832  125.085  21.059  21.106  0.0162  0.0230  82  354402
1812857  124.884  125.219  21.394  21.373  0.0136  0.0209  82  357401
912552  125.508  125.557  4.393  4.198  0.0142  0.0129  29640  196133
1885502  126.018  126.121  21.012  21.044  0.0155  0.0218  82  357086
1873986  126.531  126.557  21.457  21.300  0.0150  0.0233  82  357093
1852350  129.893  130.368  25.477  25.234  0.0292  0.0292  333  347519
-99  139.669  139.731  13.829  13.820  0.0116  0.0118  -99  445858
386399  140.065  139.926  1.289  1.326  0.0175  0.0165  2501  112395
78565  140.139  140.192  0.721  0.605  0.0172  0.0238  2501  68839
1128788  141.353  141.314  11.074  10.887  0.0106  0.0120  13759  266096
1130689  141.452  141.447  11.454  11.425  0.0108  0.0125  13759  234685
1875744  141.784  141.323  29.402  29.432  0.0258  0.0267  334  358270
2296921  144.967  145.006  16.918  16.884  0.0477  0.0456  2878  431036
-99  145.874  146.012  9.421  9.374  0.0110  0.0103  -99  225575
-99  149.787  149.789  13.059  13.065  0.0362  0.0339  -99  41480
1890454  150.711  150.669  32.645  32.630  0.0477  0.0453  134  358328
1822008  155.457  155.437  13.447  13.573  0.0322  0.0327  239  234845
1121581  155.661  155.661  12.088  12.015  0.0450  0.0496  3490  232034
1129164  156.056  156.034  13.246  13.594  0.0326  0.0232  239  41474
1824050  160.087  160.167  13.470  13.421  0.0314  0.0332  1973  233571
-99  160.230  160.213  5.991  5.974  0.0277  0.0277  -99  29861
1824669  161.665  161.564  14.113  13.968  0.0336  0.0368  298  234380
1131280  161.762  161.709  14.263  14.442  0.0324  0.0321  298  234906
449177  162.158  162.082  4.799  4.914  0.0333  0.0260  3918  2517
1261281  165.048  165.205  12.171  12.130  0.0354  0.0258  2697  268810
281813  165.135  165.530  2.116  1.763  0.0394  0.0381  34  85563
949322  165.155  165.202  10.437  10.522  0.0361  0.0405  94  255042
1261297  165.265  165.205  12.141  12.130  0.0342  0.0258  2697  268810
1266892  166.924  167.039  13.026  13.044  0.0350  0.0374  1046  232175
1121989  167.076  167.197  13.224  13.192  0.0340  0.0434  1046  232178
2171201  167.213  167.394  28.476  28.638  0.0363  0.0379  7  46785
1059626  168.227  168.209  9.514  9.528  0.0291  0.0209  5644  221778
521384  170.026  170.077  4.177  4.258  0.0492  0.0410  497  121085
455758  170.074  170.077  4.320  4.258  0.0491  0.0410  497  121085
521388  170.122  170.077  4.128  4.258  0.0496  0.0410  497  121085
429456  170.427  170.366  3.573  3.626  0.0391  0.0348  7501  135274
2395552  175.049  174.904  17.312  17.439  0.0118  0.0211  900  458935
2331757  175.561  175.425  20.098  20.029  0.0198  0.0284  3  49548
1061770  176.551  176.452  10.596  10.477  0.0102  0.0181  30457  201128
-99  179.464  179.522  27.869  27.879  0.0112  0.0112  -99  411918
2322871  179.773  180.012  24.989  24.889  0.0135  0.0113  445  417402
285760  180.904  180.456  2.630  2.421  0.0193  0.0184  51  86375
268006  181.134  181.193  2.453  2.005  0.0200  0.0155  51  85610
1059151  181.191  181.193  9.423  9.373  0.0353  0.0411  2646  221695
1061999  181.401  181.364  10.687  10.701  0.0344  0.0354  4120  222469
1124935  184.011  184.029  14.189  14.210  0.0254  0.0224  5690  233157
-99  191.036  190.933  25.416  25.454  0.0174  0.0174  -99  47684
-99  192.611  192.611  26.735  26.709  0.0194  0.0187  -99  415811
520624  193.716  193.695  3.885  3.886  0.0483  0.0404  1585  135520
2229407  193.949  194.000  28.256  28.187  0.0270  0.0187  1  412565
2243451  194.041  194.025  27.844  27.678  0.0253  0.0165  1  412092
2227842  194.449  194.470  27.769  27.532  0.0193  0.0166  1  17251
2243482  194.507  194.593  27.854  27.885  0.0190  0.0145  1  416532
2242692  194.660  194.470  27.544  27.532  0.0199  0.0166  1  17251
2227864  194.772  194.866  27.644  27.880  0.0181  0.0157  1  17340
2227874  194.793  194.866  27.620  27.880  0.0191  0.0157  1  17340
1977132  194.899  194.917  28.551  28.631  0.0253  0.0178  1  380856
2229482  194.906  194.833  28.166  28.084  0.0191  0.0153  1  412579
2243601  195.038  195.069  27.866  27.968  0.0177  0.0155  1  416541
2227897  195.043  195.149  27.595  27.574  0.0187  0.0170  1  412109
2243614  195.077  195.069  27.816  27.968  0.0179  0.0155  1  416541
2243612  195.078  195.069  27.937  27.968  0.0176  0.0155  1  416541
2242705  195.080  195.149  27.554  27.574  0.0196  0.0170  1  412109
2243631  195.288  195.189  27.818  27.835  0.0197  0.0293  1  416544
2243633  195.307  195.229  27.914  28.007  0.0195  0.0166  1  17266
2229559  195.645  195.590  27.949  28.231  0.0193  0.0186  1  416840
2229586  196.033  195.974  27.965  27.822  0.0198  0.0166  1  416550
1225535  198.489  198.418  12.593  12.689  0.0256  0.0243  4275  257537
1948165  200.216  200.231  31.367  31.265  0.0168  0.0182  44181  375164
1949892  200.923  200.928  31.646  31.516  0.0166  0.0176  6313  375730
1936849  205.499  205.353  29.782  29.801  0.0449  0.0373  228  371961
1900733  206.755  206.768  33.894  33.882  0.0165  0.0151  9321  43112
2003943  207.142  207.062  24.891  24.778  0.0297  0.0274  83  386721
1988130  208.546  209.044  24.556  24.494  0.0286  0.0279  83  386742
1989331  208.802  208.952  25.021  25.204  0.0310  0.0367  83  2828
2005153  209.039  208.952  25.195  25.204  0.0290  0.0367  83  2828
-99  209.415  209.416  25.775  25.773  0.0287  0.0287  -99  388326
1283108  209.644  209.684  6.574  6.628  0.0173  0.0244  8612  292771
-99  211.678  211.670  1.915  1.675  0.0472  0.0445  -99  85936
1265849  212.148  212.194  11.951  11.888  0.0194  0.0229  14473  270364
1256635  213.941  213.615  10.439  10.580  0.0258  0.0283  129  14416
1304585  214.037  214.075  10.596  10.894  0.0264  0.0328  129  268372
1304595  214.419  214.294  10.583  10.737  0.0271  0.0325  129  268373
-99  215.127  215.040  10.432  10.268  0.0295  0.0304  -99  14417
1969429  216.336  216.323  25.708  25.291  0.0154  0.0153  220  381101
1969437  216.478  216.516  25.768  25.392  0.0156  0.0166  220  44972
-99  216.564  216.516  25.467  25.392  0.0165  0.0166  -99  44972
1980403  216.811  216.690  25.889  26.249  0.0159  0.0159  220  385380
1969453  216.858  216.516  25.514  25.392  0.0158  0.0166  220  44972
1418850  217.010  217.118  12.026  12.389  0.0267  0.0204  217  312478
1975759  217.042  217.036  26.936  26.683  0.0147  0.0155  3553  386122
1932695  217.144  217.129  27.336  27.266  0.0135  0.0130  3553  370556
1932694  217.194  217.129  27.251  27.266  0.0147  0.0130  3553  370556
304612  218.323  218.326  3.903  4.007  0.0296  0.0330  102  128485
304620  218.451  218.326  3.957  4.007  0.0293  0.0330  102  128485
487256  218.464  218.520  3.679  3.700  0.0288  0.0333  102  5247
303902  218.695  218.709  3.342  3.265  0.0276  0.0260  102  127508
487294  218.899  218.791  3.689  3.746  0.0280  0.0316  102  94222
274092  219.815  219.894  2.728  2.651  0.0279  0.0236  16  93009
303939  219.825  220.181  3.368  3.374  0.0279  0.0320  16  94052
485878  220.247  220.181  3.137  3.374  0.0265  0.0320  16  94052
489301  220.419  220.489  4.063  3.518  0.0275  0.0335  16  127950
1356155  220.557  220.484  8.677  8.744  0.0341  0.0262  507  295232
304711  220.570  220.545  3.812  3.526  0.0257  0.0307  16  127951
303995  220.607  220.545  3.232  3.526  0.0258  0.0307  16  127951
491374  220.857  220.712  4.379  4.534  0.0264  0.0286  16  94899
1419926  221.653  222.051  11.852  11.817  0.0294  0.0372  219  312542
1425976  222.282  222.465  10.980  11.012  0.0292  0.0371  219  314388
1425981  222.296  222.392  11.115  11.246  0.0499  0.0549  145  271094
1304894  222.849  222.800  9.592  9.624  0.0498  0.0406  613  282209
304069  223.141  223.025  3.145  3.090  0.0277  0.0342  366  127556
307021  223.147  223.439  4.546  4.506  0.0286  0.0371  1026  94926
304072  223.179  223.025  3.225  3.090  0.0279  0.0342  366  127556
1340816  227.577  227.271  7.705  7.620  0.0424  0.0329  15  294728
-99  227.620  227.488  7.415  7.215  0.0322  0.0312  -99  290600
1356519  228.290  228.217  7.865  7.509  0.0463  0.0518  15  294744
1368460  228.819  228.677  6.655  6.416  0.0352  0.0313  23  289548
1333982  228.881  228.677  6.370  6.416  0.0351  0.0313  23  289548
1340891  228.883  229.156  7.475  7.344  0.0457  0.0455  15  294752
1351506  229.019  229.179  6.848  6.801  0.0368  0.0455  23  294158
1338006  229.080  229.138  7.162  7.302  0.0360  0.0447  23  294749
596945  229.346  229.591  4.214  4.113  0.0361  0.0436  40  154141
1340917  229.351  229.391  7.489  7.231  0.0336  0.0301  23  294755
1351543  229.493  229.391  6.746  7.231  0.0349  0.0301  23  294755
1338066  229.572  229.391  7.133  7.231  0.0320  0.0301  23  294755
1360957  229.671  229.829  4.418  4.432  0.0471  0.0513  452  296435
1356556  229.724  229.799  7.576  7.686  0.0369  0.0430  23  295375
1908661  229.856  229.858  25.787  25.626  0.0323  0.0301  199  366728
1359025  230.155  230.239  8.052  7.954  0.0338  0.0333  17  295986
1305216  230.663  230.692  8.541  8.679  0.0366  0.0420  17  268588
1440843  236.034  236.018  27.673  27.893  0.0316  0.0372  151  287109
1351843  236.726  236.678  5.891  5.924  0.0419  0.0335  8752  294280
-99  237.049  237.071  9.073  9.112  0.0393  0.0417  -99  15373
488053  239.736  239.931  2.443  2.415  0.0473  0.0407  641  128172
726245  331.081  330.979  12.968  12.982  0.0274  0.0344  1255  159346
354136  333.150  333.375  14.018  14.027  0.0266  0.0291  80  105496
354133  333.172  333.375  14.076  14.027  0.0252  0.0291  80  105496
718778  333.340  333.375  13.436  14.027  0.0281  0.0291  80  105496
717459  334.002  334.150  13.148  12.884  0.0262  0.0264  80  104379
351029  334.154  334.150  13.254  12.884  0.0258  0.0264  80  104379
726267  334.218  334.675  13.426  13.492  0.0256  0.0251  80  159357
718806  334.241  334.675  13.543  13.492  0.0262  0.0251  80  159357
352638  339.313  339.279  14.264  14.226  0.0367  0.0376  5161  26877
-99  339.841  339.843  13.882  13.885  0.0173  0.0173  -99  157214
-99  343.244  343.629  1.143  0.960  0.0164  0.0262  -99  326343
-99  343.269  342.597  1.144  0.878  0.0154  0.0248  -99  326334
346348  348.820  348.721  13.534  13.580  0.0395  0.0393  11247  103654
348105  350.596  350.485  13.994  13.962  0.0415  0.0388  8  104113
716494  350.839  350.983  14.285  14.139  0.0434  0.0483  8  104117
727652  350.861  350.661  15.420  15.399  0.0428  0.0427  8  159709
348113  350.861  350.983  14.132  14.139  0.0417  0.0483  8  104117
719132  350.882  350.927  15.234  15.111  0.0394  0.0378  8  157574
719133  350.897  350.927  15.197  15.111  0.0427  0.0378  8  157574
346404  350.906  350.739  13.652  13.623  0.0425  0.0445  8  103678
351448  351.030  350.799  14.835  14.901  0.0384  0.0371  8  104920
352962  351.411  351.344  15.354  15.483  0.0412  0.0438  8  157914
724001  351.591  351.547  14.208  14.030  0.0430  0.0463  8  104121
715345  351.602  351.547  13.962  14.030  0.0433  0.0463  8  104121
717878  351.796  352.088  14.763  14.589  0.0418  0.0465  8  104539
349838  351.953  352.088  14.475  14.589  0.0411  0.0465  8  104539
719168  351.957  351.854  15.119  15.411  0.0419  0.0462  8  5163
717887  351.972  352.088  14.711  14.589  0.0416  0.0465  8  104539
-99  352.548  352.583  13.449  13.448  0.0386  0.0399  -99  26932
714153  352.556  352.583  13.467  13.448  0.0417  0.0399  12295  26932
-99  357.996  358.022  14.751  14.734  0.0466  0.0450  -99  104591
